20
0 45 7 24 16 18 92 5 999999 27 999999 19 999999 999999 999999 7 999999 999999 96 38
45 0 999999 57 79 999999 24 999999 54 17 999999 999999 999999 18 999999 20 69 99 999999 5
7 999999 0 56 999999 72 32 78 1 5 999999 999999 46 999999 999999 74 92 27 79 999999
24 57 56 0 48 999999 999999 999999 67 999999 17 24 60 999999 100 999999 999999 26 54 82
16 79 999999 48 0 999999 999999 999999 46 97 39 38 65 999999 12 94 93 37 999999 999999
18 999999 72 999999 999999 0 86 55 999999 999999 83 45 85 999999 95 999999 56 92 999999 78
92 24 32 999999 999999 86 0 999999 80 43 999999 93 63 999999 999999 28 53 999999 999999 7
5 999999 78 999999 999999 55 999999 0 16 80 999999 999999 999999 999999 999999 37 999999 85 37 999999
999999 54 1 67 46 999999 80 16 0 89 2 999999 39 999999 999999 999999 999999 91 999999 999999
27 17 5 999999 97 999999 43 80 89 0 999999 999999 999999 45 999999 92 61 39 39 63
999999 999999 999999 17 39 83 999999 999999 2 999999 0 68 90 61 16 27 999999 999999 84 999999
19 999999 999999 24 38 45 93 999999 999999 999999 68 0 95 999999 96 999999 30 999999 65 999999
999999 999999 46 60 65 85 63 999999 39 999999 90 95 0 81 63 78 82 999999 50 999999
999999 18 999999 999999 999999 999999 999999 999999 999999 45 61 999999 81 0 999999 999999 10 87 999999 43
999999 999999 999999 100 12 95 999999 999999 999999 999999 16 96 63 999999 0 3 12 999999 45 76
7 20 74 999999 94 999999 28 37 999999 92 27 999999 78 999999 3 0 22 55 999999 32
999999 69 92 999999 93 56 53 999999 999999 61 999999 30 82 10 12 22 0 999999 999999 8
999999 99 27 26 37 92 999999 85 91 39 999999 999999 999999 87 999999 55 999999 0 999999 999999
96 999999 79 54 999999 999999 999999 37 999999 39 84 65 50 999999 45 999999 999999 999999 0 47
38 5 999999 82 999999 78 7 999999 999999 63 999999 999999 999999 43 76 32 8 999999 47 0
