300
0 999999 74 50 45 999999 999999 8 999999 61 999999 75 999999 999999 54 26 999999 92 999999 1 82 38 94 88 999999 65 999999 36 30 50 7 51 999999 19 10 2 57 999999 999999 999999 999999 999999 999999 999999 999999 999999 52 999999 49 70 999999 22 34 999999 2 34 999999 999999 39 999999 999999 999999 3 999999 30 11 64 999999 9 59 12 999999 60 58 999999 999999 9 999999 999999 99 999999 80 999999 52 1 57 999999 77 93 999999 70 999999 999999 33 999999 7 8 999999 999999 999999 999999 999999 61 11 999999 37 38 43 999999 999999 999999 999999 62 37 999999 78 70 999999 52 999999 999999 64 999999 999999 24 999999 999999 62 999999 999999 15 999999 999999 999999 999999 999999 53 16 999999 77 999999 999999 41 999999 999999 999999 999999 999999 999999 33 999999 60 20 999999 57 999999 21 32 999999 75 999999 71 999999 59 26 65 50 4 29 33 55 68 61 23 18 35 82 15 999999 17 51 70 999999 42 999999 86 62 999999 999999 81 999999 5 15 999999 45 88 49 999999 999999 999999 999999 58 26 999999 77 999999 999999 31 999999 999999 999999 999999 999999 97 999999 999999 999999 75 999999 73 27 999999 999999 30 83 92 31 999999 26 999999 999999 23 999999 51 30 999999 44 999999 51 999999 99 999999 999999 56 42 999999 53 999999 999999 999999 999999 999999 97 1 999999 26 999999 20 18 999999 999999 36 70 19 999999 28 999999 999999 999999 65 14 50 999999 81 999999 999999 999999 999999 999999 999999 999999 999999 22 999999 74 79 80 999999 999999 67 45 45 12 999999 2 999999 80 999999 43 61
999999 0 999999 76 12 999999 999999 91 999999 99 24 999999 999999 999999 999999 999999 999999 90 3 39 999999 72 999999 11 999999 86 33 11 999999 999999 999999 999999 62 100 999999 999999 999999 54 25 1 37 38 999999 93 999999 999999 15 85 89 9 999999 97 69 999999 54 17 999999 999999 11 999999 999999 97 999999 999999 999999 66 19 87 999999 79 999999 22 999999 2 85 999999 999999 999999 999999 999999 999999 17 999999 999999 999999 999999 73 999999 999999 999999 999999 38 999999 999999 58 999999 68 999999 74 999999 999999 46 999999 999999 93 33 74 999999 999999 999999 999999 999999 98 999999 999999 999999 999999 999999 999999 7 16 999999 999999 5 999999 7 999999 999999 999999 999999 41 40 999999 47 10 15 55 999999 999999 999999 999999 58 999999 999999 999999 999999 999999 69 8 33 18 74 54 999999 16 11 76 70 999999 999999 79 999999 999999 999999 83 50 38 999999 77 95 999999 999999 34 999999 999999 999999 999999 99 32 67 999999 90 33 34 999999 79 87 999999 28 85 85 58 88 78 999999 999999 51 999999 99 20 51 28 999999 94 56 47 999999 999999 999999 999999 999999 55 999999 999999 55 80 25 15 46 81 72 999999 999999 999999 999999 999999 25 999999 9 26 999999 999999 999999 53 57 53 60 24 48 73 999999 66 32 999999 70 25 22 50 999999 5 22 999999 999999 38 51 999999 999999 999999 29 999999 9 999999 999999 40 999999 57 999999 999999 999999 13 999999 39 999999 68 53 74 32 35 57 7 999999 999999 69 999999 999999 51 11 999999 89 999999 56 999999 999999 88 71 999999 999999 100 82 24
74 999999 0 72 51 47 999999 999999 999999 61 23 999999 999999 999999 78 999999 999999 999999 999999 63 53 65 1 78 999999 79 7 999999 38 52 999999 999999 999999 81 999999 99 999999 7 999999 53 999999 999999 999999 999999 27 999999 999999 999999 999999 87 97 43 999999 999999 54 999999 45 999999 999999 24 32 84 46 999999 82 31 999999 999999 999999 999999 67 79 49 58 999999 21 1 999999 76 999999 60 87 999999 999999 999999 999999 66 4 999999 999999 58 999999 999999 999999 999999 9 999999 999999 999999 999999 999999 4 999999 999999 74 38 999999 43 999999 999999 41 999999 9 22 999999 72 46 70 17 999999 100 69 999999 999999 999999 20 34 21 38 3 999999 999999 999999 999999 40 999999 20 999999 72 84 28 58 51 48 999999 2 999999 999999 57 83 999999 999999 45 999999 999999 53 89 86 8 77 999999 95 81 999999 999999 63 25 98 999999 81 999999 43 62 30 32 999999 16 74 999999 15 999999 37 999999 999999 82 999999 999999 86 46 19 999999 999999 50 2 999999 30 999999 94 999999 999999 22 63 27 68 999999 999999 999999 18 999999 2 999999 999999 82 999999 999999 999999 999999 999999 999999 83 30 999999 45 65 999999 999999 999999 98 999999 999999 40 999999 21 999999 999999 999999 999999 33 999999 57 999999 999999 999999 999999 999999 999999 43 77 43 7 999999 999999 95 999999 64 999999 999999 34 83 999999 33 49 30 29 25 999999 999999 999999 999999 999999 78 999999 999999 10 999999 999999 999999 999999 18 999999 999999 3 33 11 999999 29 80 55 95 44 999999 999999 83 84 999999 92 999999 999999 9 999999
50 76 72 0 38 999999 74 999999 999999 999999 80 96 999999 999999 999999 29 999999 60 44 999999 999999 999999 999999 28 999999 999999 999999 999999 999999 999999 999999 999999 999999 999999 46 72 999999 37 78 39 999999 41 999999 999999 999999 79 999999 96 999999 999999 999999 999999 24 999999 999999 999999 999999 999999 53 89 39 999999 999999 999999 75 999999 999999 75 999999 999999 999999 999999 999999 999999 39 999999 999999 999999 82 999999 18 999999 999999 999999 22 999999 10 13 54 67 91 79 66 999999 31 999999 95 5 87 41 999999 53 15 5 999999 32 999999 999999 75 68 67 12 999999 68 6 999999 29 999999 77 11 93 49 999999 37 87 84 15 999999 999999 92 999999 999999 999999 999999 999999 999999 35 999999 89 999999 999999 70 12 61 60 999999 20 999999 999999 98 999999 999999 62 36 1 89 999999 999999 100 5 999999 22 80 999999 5 999999 68 999999 999999 999999 999999 999999 999999 47 999999 999999 96 17 999999 999999 999999 85 999999 100 42 19 999999 999999 38 999999 34 999999 999999 999999 999999 999999 79 999999 96 63 999999 43 999999 999999 999999 999999 999999 57 52 999999 999999 999999 65 999999 32 999999 999999 999999 999999 62 45 999999 999999 999999 999999 999999 999999 999999 999999 999999 999999 999999 999999 999999 27 68 999999 12 51 999999 999999 999999 53 87 42 36 44 999999 999999 999999 90 13 999999 29 999999 54 999999 15 33 22 84 5 999999 48 94 27 18 61 82 30 999999 999999 999999 18 50 999999 999999 46 57 999999 32 61 999999 69 999999 999999 999999 29 37 999999 999999 999999 53 100 39 999999 999999 999999 999999 999999
45 12 51 38 0 999999 85 999999 79 91 57 36 100 999999 999999 23 999999 999999 999999 54 34 43 999999 79 999999 46 999999 18 999999 17 999999 76 88 83 73 91 83 999999 999999 999999 66 27 999999 92 999999 999999 86 999999 999999 42 100 38 999999 999999 999999 999999 999999 58 65 999999 63 999999 999999 999999 73 999999 62 999999 999999 999999 999999 999999 85 25 999999 999999 42 999999 23 999999 17 999999 35 999999 999999 61 86 999999 86 999999 52 999999 999999 999999 94 999999 68 83 999999 999999 29 999999 36 999999 42 999999 63 999999 59 999999 79 999999 26 87 999999 999999 24 92 40 37 999999 999999 58 20 64 16 999999 45 999999 999999 999999 50 71 999999 999999 56 999999 88 56 999999 999999 5 49 92 999999 47 92 999999 999999 999999 999999 80 64 999999 999999 999999 75 88 999999 999999 999999 999999 68 94 55 999999 999999 78 999999 5 999999 58 14 999999 59 999999 98 50 87 69 94 999999 999999 999999 60 999999 47 82 13 46 1 999999 1 38 27 40 25 999999 43 3 999999 28 23 61 999999 11 999999 18 999999 5 22 38 33 999999 999999 47 999999 999999 999999 59 999999 10 999999 44 999999 999999 999999 70 67 999999 999999 12 999999 4 73 53 25 28 78 999999 46 999999 67 48 999999 999999 11 999999 999999 71 999999 38 999999 97 4 999999 999999 63 56 66 65 999999 999999 999999 999999 999999 60 999999 999999 75 76 999999 76 35 64 100 59 999999 999999 92 999999 999999 999999 1 21 999999 999999 999999 63 17 999999 60 42 47 999999 999999 999999 27 32 73
999999 999999 47 999999 999999 0 999999 80 34 999999 40 999999 46 40 66 999999 999999 99 67 999999 11 67 58 79 999999 63 15 999999 999999 8 10 999999 61 1 999999 13 100 77 91 73 999999 999999 999999 23 999999 999999 999999 999999 66 100 52 999999 75 999999 48 36 999999 27 42 92 999999 999999 999999 999999 999999 85 92 91 48 999999 65 49 91 999999 13 26 18 999999 999999 92 1 34 21 43 93 36 30 7 92 1 999999 999999 999999 999999 999999 9 53 30 69 91 999999 999999 71 999999 999999 6 42 999999 41 42 999999 999999 41 999999 5 999999 56 15 94 999999 72 999999 59 5 999999 999999 999999 95 81 59 999999 999999 67 53 999999 999999 8 999999 40 999999 999999 999999 999999 99 82 1 999999 78 20 999999 999999 999999 999999 73 999999 83 999999 999999 999999 999999 999999 93 12 999999 999999 999999 27 999999 44 92 999999 89 41 999999 999999 44 12 4 999999 999999 87 999999 999999 68 91 25 999999 77 999999 999999 78 44 999999 14 23 999999 30 999999 999999 999999 999999 38 12 999999 999999 40 12 30 14 999999 999999 17 999999 999999 44 24 62 49 99 46 999999 80 94 28 8 94 999999 53 64 999999 999999 999999 999999 7 999999 999999 999999 43 999999 92 62 999999 999999 47 999999 999999 999999 37 32 999999 999999 999999 999999 60 20 999999 19 80 999999 999999 999999 87 56 38 95 999999 999999 67 82 999999 17 96 999999 999999 97 90 999999 999999 6 61 17 999999 999999 39 999999 75 999999 64 999999 999999 90 100 5 56 999999 97 999999 35 999999 999999
999999 999999 999999 74 85 999999 0 999999 999999 999999 65 999999 999999 999999 999999 999999 13 90 999999 999999 999999 2 999999 999999 50 77 999999 97 999999 999999 79 50 12 999999 35 77 999999 999999 999999 999999 999999 999999 92 21 999999 57 74 6 999999 999999 999999 999999 999999 999999 88 61 999999 10 999999 5 22 46 999999 999999 999999 999999 999999 6 999999 999999 32 32 999999 36 999999 999999 34 999999 999999 999999 36 27 65 55 70 999999 999999 26 999999 999999 999999 999999 23 999999 32 999999 999999 14 999999 999999 39 10 5 999999 999999 999999 77 58 999999 999999 69 999999 87 999999 56 999999 98 999999 82 999999 81 23 16 999999 75 91 999999 11 999999 98 999999 97 999999 14 999999 85 999999 60 999999 999999 6 69 19 999999 41 999999 80 26 84 999999 999999 20 999999 999999 999999 999999 999999 999999 999999 52 999999 93 62 999999 999999 96 23 999999 14 77 14 999999 64 52 48 999999 999999 999999 99 18 999999 59 999999 77 999999 96 999999 999999 999999 999999 999999 80 999999 999999 999999 80 77 999999 999999 72 999999 59 999999 19 39 58 999999 999999 22 34 999999 999999 20 999999 999999 85 999999 999999 64 67 999999 21 999999 33 999999 999999 999999 15 52 18 12 93 999999 999999 53 64 999999 84 36 999999 999999 68 999999 100 999999 13 69 44 76 999999 76 54 999999 73 71 999999 99 86 80 72 999999 999999 999999 999999 999999 999999 999999 39 85 999999 8 999999 999999 21 999999 999999 999999 999999 47 999999 999999 999999 999999 14 999999 75 68 77 999999 99 999999 999999 49 999999 41 999999 999999 17 22 999999
8 91 999999 999999 999999 80 999999 0 999999 999999 83 40 94 999999 999999 999999 999999 1 29 25 999999 85 999999 93 999999 999999 999999 80 91 999999 999999 999999 37 999999 999999 999999 73 100 999999 999999 94 52 999999 999999 999999 999999 999999 999999 1 999999 16 999999 999999 69 999999 63 999999 42 29 24 999999 999999 999999 21 93 999999 999999 999999 999999 999999 42 29 68 999999 51 999999 999999 69 22 99 33 999999 11 98 999999 999999 999999 82 87 18 35 70 999999 74 999999 999999 999999 999999 999999 19 999999 999999 999999 999999 999999 999999 46 54 29 13 32 999999 999999 15 999999 12 999999 999999 47 999999 12 999999 999999 56 55 24 999999 999999 999999 999999 999999 999999 89 999999 999999 61 999999 62 999999 5 16 70 999999 81 999999 999999 26 999999 47 999999 5 53 39 999999 999999 999999 45 999999 999999 999999 23 999999 86 999999 999999 999999 68 999999 999999 77 1 999999 999999 79 999999 64 999999 999999 999999 999999 85 999999 999999 89 3 14 999999 48 999999 999999 86 999999 999999 87 92 999999 999999 999999 36 999999 999999 53 52 999999 999999 34 999999 999999 999999 61 999999 999999 999999 999999 999999 999999 999999 45 9 7 69 999999 999999 999999 999999 37 3 6 14 999999 999999 999999 999999 999999 29 80 999999 25 43 999999 93 999999 999999 99 999999 999999 999999 999999 32 999999 22 6 999999 999999 15 60 78 39 999999 76 999999 69 65 11 999999 4 999999 999999 999999 999999 999999 999999 999999 22 999999 5 999999 999999 999999 29 999999 999999 999999 999999 999999 999999 100 999999 59 31 999999 999999 66 68 76 13 90 999999 999999 22
999999 999999 999999 999999 79 34 999999 999999 0 999999 16 999999 27 35 999999 75 74 63 88 999999 999999 17 999999 999999 36 76 91 11 999999 999999 999999 999999 999999 999999 31 999999 83 999999 100 999999 999999 999999 999999 11 79 999999 40 80 999999 999999 999999 35 66 47 999999 999999 999999 999999 96 65 83 999999 999999 38 999999 999999 78 96 999999 999999 999999 20 999999 20 999999 4 999999 999999 999999 999999 999999 999999 37 1 10 999999 33 11 7 999999 999999 82 96 42 999999 17 83 47 999999 81 5 80 47 999999 999999 999999 999999 74 999999 999999 67 999999 61 999999 84 38 85 999999 999999 5 55 999999 999999 999999 79 999999 54 999999 88 999999 999999 999999 999999 52 40 66 14 1 32 999999 91 7 34 999999 999999 9 72 999999 999999 999999 43 45 39 61 999999 53 27 37 999999 73 999999 44 999999 14 999999 86 52 31 999999 999999 26 999999 35 999999 999999 67 12 999999 999999 999999 75 999999 999999 19 999999 999999 59 50 44 70 24 999999 26 39 999999 999999 999999 999999 999999 999999 999999 69 999999 999999 1 77 12 999999 999999 999999 28 999999 999999 22 999999 69 999999 25 56 63 999999 30 22 999999 999999 39 12 999999 999999 999999 999999 96 999999 999999 999999 35 82 999999 31 999999 999999 999999 999999 51 999999 26 999999 85 999999 29 999999 28 999999 999999 25 999999 999999 999999 999999 52 999999 999999 999999 74 999999 87 999999 74 999999 999999 999999 10 999999 999999 999999 51 55 99 78 1 999999 999999 49 82 999999 999999 75 53 999999 49 999999 999999 99 29 14 999999 95 40 41 999999
61 99 61 999999 91 999999 999999 999999 999999 0 999999 999999 55 999999 999999 999999 100 999999 17 9 999999 999999 25 67 77 999999 999999 999999 999999 999999 999999 98 999999 999999 98 999999 999999 53 999999 58 999999 34 77 58 999999 999999 999999 25 56 53 88 58 999999 43 999999 2 51 64 999999 999999 999999 73 999999 999999 999999 999999 94 61 999999 85 999999 76 999999 999999 21 17 76 89 34 999999 56 40 73 999999 43 77 16 999999 999999 999999 999999 4 999999 12 37 84 999999 96 9 999999 65 999999 999999 999999 999999 999999 999999 24 11 25 999999 999999 999999 999999 999999 999999 999999 97 62 50 999999 999999 40 999999 75 999999 43 999999 90 37 76 999999 999999 57 62 999999 92 999999 63 25 39 999999 94 24 6 28 46 92 69 31 26 999999 999999 27 67 999999 999999 2 999999 82 999999 999999 999999 999999 999999 15 39 999999 999999 39 999999 999999 999999 29 999999 999999 95 999999 999999 54 87 999999 70 76 44 20 999999 63 41 999999 20 76 93 999999 999999 999999 88 999999 999999 10 27 2 6 999999 91 999999 18 55 999999 999999 80 68 94 68 999999 19 93 999999 999999 14 999999 96 999999 999999 999999 999999 48 44 999999 64 41 82 999999 999999 999999 85 57 51 94 999999 85 999999 999999 999999 999999 999999 999999 999999 96 5 999999 999999 11 43 999999 999999 28 999999 999999 999999 65 21 8 92 999999 15 999999 85 999999 71 11 999999 59 86 58 999999 55 999999 999999 999999 999999 24 999999 999999 999999 999999 999999 89 999999 35 26 999999 29 4 999999 999999 999999 999999 999999 58
999999 24 23 80 57 40 65 83 16 999999 0 58 53 999999 999999 38 999999 68 999999 999999 999999 999999 999999 999999 999999 999999 999999 999999 999999 999999 999999 999999 999999 28 76 999999 999999 28 70 100 999999 999999 999999 21 51 999999 80 999999 71 999999 999999 999999 999999 62 999999 79 22 999999 38 999999 10 77 999999 999999 999999 999999 5 63 999999 7 999999 999999 999999 45 89 999999 51 999999 89 58 999999 52 44 999999 64 94 999999 77 999999 999999 999999 37 15 999999 67 999999 999999 999999 70 999999 999999 51 70 1 999999 55 42 38 73 999999 999999 84 96 999999 30 999999 999999 79 999999 999999 26 999999 62 999999 95 69 28 41 40 999999 999999 999999 16 999999 999999 61 999999 26 69 14 999999 35 50 3 57 999999 999999 92 20 57 97 999999 44 32 999999 29 99 999999 999999 4 31 999999 999999 69 94 999999 999999 11 71 999999 999999 79 49 70 999999 67 32 999999 999999 999999 999999 999999 56 999999 27 999999 49 999999 999999 999999 999999 17 999999 99 999999 9 999999 999999 999999 999999 999999 999999 999999 999999 50 77 999999 999999 27 100 999999 82 57 54 999999 999999 73 13 6 999999 999999 5 22 54 999999 999999 1 999999 38 47 999999 30 85 999999 999999 999999 999999 999999 999999 999999 999999 4 10 56 999999 59 999999 18 100 999999 73 57 999999 37 999999 25 999999 67 999999 18 999999 34 999999 999999 999999 999999 999999 17 24 999999 48 999999 999999 75 29 999999 41 67 74 999999 66 999999 27 999999 999999 22 999999 999999 84 32 98 999999 37 97 74 44 999999 11 53 61
75 999999 999999 96 36 999999 999999 40 999999 999999 58 0 18 999999 999999 999999 999999 10 999999 35 999999 999999 77 57 999999 57 89 58 999999 999999 999999 88 999999 62 999999 76 95 999999 999999 999999 41 43 999999 36 88 22 999999 49 5 999999 39 51 42 999999 91 25 999999 999999 30 44 76 69 999999 2 89 999999 999999 999999 999999 21 73 6 26 73 999999 76 999999 21 89 999999 86 41 999999 999999 17 999999 77 10 69 999999 999999 999999 999999 41 999999 999999 94 999999 99 999999 999999 47 81 999999 999999 999999 999999 999999 25 999999 999999 61 999999 999999 8 20 999999 999999 999999 12 999999 999999 58 999999 33 72 999999 999999 999999 999999 40 61 999999 999999 999999 89 999999 86 66 26 999999 999999 19 94 999999 71 3 32 999999 90 999999 999999 43 65 999999 9 999999 999999 999999 84 999999 45 999999 999999 53 999999 92 63 51 999999 999999 30 999999 999999 999999 999999 75 99 16 999999 999999 81 21 39 93 9 26 999999 92 999999 58 999999 25 999999 94 999999 55 999999 99 999999 999999 999999 999999 999999 61 65 50 999999 999999 999999 50 15 999999 4 77 80 12 999999 999999 18 999999 95 999999 69 29 77 81 21 999999 32 60 999999 999999 999999 999999 999999 999999 35 999999 33 89 56 999999 999999 999999 999999 93 26 78 74 96 999999 75 999999 999999 45 999999 999999 47 14 999999 17 94 999999 87 999999 999999 8 999999 20 999999 37 5 23 999999 68 999999 999999 12 999999 999999 82 59 999999 999999 999999 46 999999 999999 999999 999999 999999 999999 39 42 91 999999 54 22 999999
999999 999999 999999 999999 100 46 999999 94 27 55 53 18 0 999999 96 999999 999999 999999 999999 77 83 38 999999 999999 4 79 999999 41 999999 999999 96 36 66 999999 999999 999999 87 41 999999 66 53 31 999999 999999 999999 78 999999 999999 18 24 999999 999999 5 999999 28 34 999999 999999 999999 55 999999 999999 44 999999 999999 999999 999999 42 98 999999 73 999999 999999 999999 76 999999 999999 58 999999 52 12 11 89 100 89 84 67 999999 999999 999999 999999 51 999999 999999 999999 82 30 999999 999999 999999 50 56 999999 999999 26 57 26 70 1 69 999999 999999 999999 999999 68 11 84 51 100 84 999999 84 999999 999999 999999 999999 31 99 91 39 999999 999999 999999 8 7 2 999999 999999 999999 999999 63 999999 999999 999999 999999 47 12 13 999999 999999 84 999999 7 999999 47 999999 999999 999999 999999 45 49 999999 999999 28 999999 35 999999 16 76 999999 999999 999999 999999 71 51 999999 78 72 72 999999 999999 60 999999 64 46 54 999999 999999 86 999999 27 62 999999 999999 999999 6 17 999999 999999 999999 37 999999 23 999999 999999 1 3 999999 79 999999 27 31 86 999999 999999 999999 999999 6 999999 43 32 93 63 48 999999 40 100 999999 35 72 999999 999999 999999 90 999999 999999 999999 12 62 54 999999 27 999999 999999 999999 999999 999999 999999 26 999999 43 23 999999 999999 999999 999999 999999 60 999999 29 999999 40 34 13 19 80 999999 85 48 999999 999999 22 999999 999999 999999 23 999999 999999 999999 999999 72 98 23 77 999999 999999 31 44 999999 49 999999 9 999999 999999 999999 999999 999999 999999 999999 999999
999999 999999 999999 999999 999999 40 999999 999999 35 999999 999999 999999 999999 0 999999 34 999999 999999 999999 13 16 14 100 999999 999999 999999 999999 38 999999 999999 999999 999999 999999 31 999999 69 19 42 999999 45 999999 999999 999999 75 999999 4 63 67 999999 999999 72 999999 88 64 999999 999999 46 43 999999 30 25 59 999999 999999 92 26 38 999999 999999 999999 999999 999999 999999 999999 65 57 73 999999 52 92 52 999999 999999 999999 75 999999 21 50 93 22 999999 999999 999999 14 999999 999999 74 999999 999999 999999 21 64 999999 70 19 77 999999 999999 73 39 7 999999 72 999999 100 999999 93 999999 999999 999999 999999 999999 39 999999 999999 76 999999 999999 94 999999 23 90 999999 999999 100 38 63 999999 999999 999999 46 24 999999 999999 88 19 63 999999 999999 31 999999 76 999999 999999 53 999999 40 62 15 20 14 999999 80 41 999999 100 65 71 999999 81 97 999999 36 23 6 65 999999 999999 78 80 999999 999999 30 999999 93 51 80 999999 43 999999 999999 78 999999 7 86 98 61 72 999999 999999 999999 45 13 38 66 999999 999999 999999 999999 41 999999 999999 999999 999999 82 999999 55 999999 999999 31 999999 999999 999999 62 999999 39 53 85 91 999999 87 999999 999999 999999 15 39 999999 15 43 999999 72 999999 999999 999999 999999 999999 999999 999999 999999 5 999999 999999 25 999999 43 90 58 999999 83 81 999999 100 999999 83 999999 90 999999 56 35 10 999999 80 999999 999999 999999 999999 56 49 10 999999 999999 999999 19 999999 4 2 70 999999 82 52 999999 28 24 93 999999 999999 999999 50 100 999999
54 999999 78 999999 999999 66 999999 999999 999999 999999 999999 999999 96 999999 0 4 34 64 999999 999999 999999 999999 48 58 999999 999999 25 999999 38 71 999999 999999 81 28 999999 999999 79 999999 999999 70 62 50 61 999999 999999 999999 70 999999 999999 999999 52 999999 999999 89 999999 999999 999999 999999 54 999999 86 36 999999 999999 82 999999 999999 999999 77 999999 62 82 999999 17 999999 35 999999 999999 21 999999 999999 999999 29 95 999999 54 29 999999 999999 999999 4 76 60 999999 999999 999999 96 5 999999 67 46 56 75 23 81 32 68 50 93 86 999999 89 999999 85 61 19 72 999999 75 71 999999 36 999999 22 88 999999 999999 77 66 999999 999999 999999 43 46 97 24 999999 999999 51 999999 15 33 999999 20 55 999999 48 24 999999 79 999999 52 999999 43 72 999999 999999 999999 999999 999999 58 77 27 999999 4 32 81 999999 999999 999999 999999 87 999999 55 999999 39 999999 91 77 27 999999 999999 999999 84 999999 999999 79 23 999999 21 5 38 29 24 96 999999 999999 999999 45 66 999999 79 99 27 44 86 22 999999 26 72 999999 999999 28 82 999999 63 999999 35 85 999999 70 999999 36 51 999999 35 999999 999999 999999 999999 46 99 999999 94 999999 57 999999 29 61 33 999999 999999 999999 1 89 67 1 43 26 999999 37 999999 999999 999999 10 999999 999999 999999 19 10 999999 999999 999999 999999 999999 999999 35 38 24 999999 999999 999999 999999 21 999999 80 9 999999 36 52 36 999999 42 999999 999999 34 999999 999999 999999 999999 84 56 34 11 999999 999999 15 62 68 999999
26 999999 999999 29 23 999999 999999 999999 75 999999 38 999999 999999 34 4 0 999999 9 91 44 999999 88 18 999999 63 58 999999 999999 999999 31 88 45 999999 64 11 30 31 999999 33 8 57 61 49 999999 62 22 999999 92 54 999999 6 88 76 72 999999 39 29 999999 999999 75 999999 39 45 999999 15 999999 999999 999999 999999 999999 999999 52 999999 76 68 90 999999 999999 999999 999999 999999 999999 95 999999 20 999999 999999 54 999999 38 44 999999 66 90 999999 86 99 999999 91 999999 78 999999 76 71 17 999999 999999 7 55 64 999999 999999 999999 77 10 92 86 25 55 999999 49 999999 82 56 61 999999 999999 999999 999999 999999 999999 999999 51 10 999999 999999 999999 79 999999 96 88 999999 999999 40 999999 70 999999 999999 999999 999999 99 999999 999999 98 51 999999 999999 52 28 999999 999999 999999 999999 61 80 999999 999999 87 37 999999 999999 33 999999 999999 97 999999 999999 33 999999 16 999999 14 999999 76 75 41 999999 999999 999999 50 10 35 999999 999999 90 999999 999999 17 999999 10 999999 100 78 54 999999 999999 999999 78 999999 999999 34 95 47 999999 32 30 999999 3 94 999999 37 999999 999999 71 999999 48 999999 999999 999999 999999 999999 100 999999 52 89 57 999999 2 999999 999999 999999 999999 999999 8 999999 999999 96 999999 999999 999999 999999 999999 999999 6 999999 8 59 999999 14 7 999999 94 30 70 999999 17 87 999999 62 32 15 35 999999 22 999999 999999 39 999999 999999 999999 39 11 72 51 999999 80 61 999999 999999 999999 999999 999999 36 72 999999 47 71 999999 999999 999999
999999 999999 999999 999999 999999 999999 13 999999 74 100 999999 999999 999999 999999 34 999999 0 95 42 999999 58 999999 999999 999999 999999 999999 999999 999999 999999 64 20 999999 7 50 999999 999999 999999 999999 999999 999999 12 999999 27 999999 999999 999999 85 999999 52 91 32 81 999999 999999 81 18 43 999999 62 999999 999999 42 43 999999 999999 81 999999 11 78 999999 999999 91 80 86 999999 999999 6 999999 999999 23 47 999999 999999 999999 999999 999999 999999 999999 999999 999999 999999 15 32 999999 57 3 999999 92 999999 999999 999999 4 999999 25 45 45 43 999999 78 15 999999 44 88 15 999999 999999 999999 2 32 999999 999999 999999 999999 999999 14 999999 54 999999 41 999999 999999 999999 999999 999999 50 94 9 999999 50 64 60 77 1 999999 86 999999 95 23 43 85 17 999999 999999 62 999999 999999 999999 32 12 25 999999 3 22 81 999999 999999 2 999999 999999 57 33 9 52 51 4 999999 13 63 999999 27 62 4 999999 999999 75 100 91 66 999999 87 999999 999999 21 999999 88 999999 5 69 53 89 53 999999 45 999999 999999 40 999999 88 999999 48 43 43 17 999999 97 999999 30 8 999999 999999 64 999999 36 999999 999999 7 999999 999999 51 999999 10 999999 999999 999999 22 41 47 999999 85 999999 999999 999999 86 39 999999 54 999999 35 80 999999 68 74 89 80 58 999999 88 48 16 90 999999 999999 999999 999999 81 999999 999999 999999 60 999999 89 999999 97 17 50 48 11 55 59 59 26 7 43 999999 24 999999 999999 999999 69 999999 3 14 999999 50 95 999999 61 70 999999 999999
92 90 999999 60 999999 99 90 1 63 999999 68 10 999999 999999 64 9 95 0 999999 999999 999999 80 999999 90 999999 999999 999999 999999 999999 75 999999 13 80 999999 47 999999 35 999999 999999 999999 17 66 999999 999999 999999 999999 999999 7 21 999999 60 43 999999 38 999999 999999 999999 82 61 999999 999999 999999 999999 999999 999999 89 1 999999 999999 91 100 8 999999 999999 87 63 999999 58 66 53 90 18 75 24 67 999999 87 999999 73 999999 33 70 999999 999999 999999 999999 67 33 999999 999999 29 999999 999999 999999 74 999999 5 64 999999 999999 14 52 76 999999 999999 999999 54 56 999999 83 999999 79 20 999999 999999 999999 999999 38 999999 29 999999 57 76 999999 999999 999999 999999 47 999999 999999 75 80 999999 12 52 72 83 999999 999999 78 65 999999 37 35 999999 73 14 1 31 58 999999 17 999999 38 40 999999 999999 999999 1 64 94 71 999999 67 999999 11 999999 999999 64 999999 75 57 2 18 999999 999999 72 16 18 999999 999999 84 95 47 68 21 69 999999 999999 2 999999 97 999999 86 999999 31 5 999999 999999 67 999999 95 999999 999999 999999 999999 58 999999 999999 95 37 999999 999999 999999 41 38 23 999999 999999 72 999999 999999 67 8 999999 999999 999999 45 68 20 999999 999999 35 22 999999 47 19 19 999999 999999 999999 80 999999 999999 92 15 999999 999999 93 52 999999 999999 78 1 999999 75 999999 100 29 61 999999 999999 35 999999 88 97 10 2 999999 999999 6 8 96 999999 85 999999 999999 97 20 54 999999 999999 96 999999 96 76 999999 999999 54 999999
999999 3 999999 44 999999 67 999999 29 88 17 999999 999999 999999 999999 999999 91 42 999999 0 45 999999 999999 999999 79 999999 50 63 77 999999 999999 999999 999999 10 999999 35 999999 999999 999999 69 999999 89 33 999999 4 76 62 7 999999 999999 999999 999999 85 9 999999 8 999999 999999 94 999999 999999 44 999999 90 999999 48 93 94 93 999999 999999 38 999999 999999 999999 19 999999 999999 12 999999 999999 999999 76 12 94 999999 999999 32 27 999999 7 10 99 34 999999 999999 28 999999 74 999999 999999 36 60 11 64 999999 32 33 92 94 999999 38 999999 999999 62 51 17 63 10 98 999999 999999 30 32 999999 999999 52 99 20 999999 3 999999 70 999999 90 999999 999999 999999 64 40 999999 63 999999 26 21 63 999999 18 999999 999999 999999 999999 999999 999999 33 23 77 999999 78 65 999999 999999 999999 999999 67 999999 999999 999999 999999 999999 999999 29 999999 999999 49 95 999999 71 999999 999999 98 999999 999999 999999 50 96 999999 65 999999 999999 999999 999999 999999 999999 2 5 999999 22 999999 94 999999 999999 999999 999999 11 77 999999 83 999999 85 57 999999 41 999999 28 999999 999999 14 63 100 55 999999 999999 80 67 999999 999999 30 53 24 66 999999 10 81 22 2 999999 18 68 19 999999 32 48 999999 100 999999 999999 57 999999 999999 999999 19 27 999999 999999 999999 999999 25 33 14 5 15 999999 999999 999999 42 999999 27 7 82 999999 999999 24 999999 62 2 999999 62 999999 999999 999999 999999 999999 999999 74 999999 3 45 2 61 54 999999 999999 999999 44 999999 999999 999999 46 97 55
1 39 63 999999 54 999999 999999 25 999999 9 999999 35 77 13 999999 44 999999 999999 45 0 69 51 69 16 66 999999 59 999999 999999 54 999999 999999 999999 999999 82 69 85 999999 76 999999 2 96 49 999999 50 999999 999999 3 999999 999999 53 3 4 43 999999 2 84 999999 999999 999999 92 34 95 69 999999 999999 24 17 30 27 80 999999 999999 999999 999999 43 8 92 999999 7 999999 999999 61 10 999999 999999 999999 999999 999999 61 37 999999 999999 92 3 999999 999999 34 22 999999 43 999999 999999 52 52 999999 999999 8 45 999999 999999 999999 999999 100 999999 89 999999 89 21 17 19 999999 999999 999999 999999 999999 999999 999999 999999 999999 8 60 12 999999 78 92 999999 999999 999999 33 11 999999 27 999999 34 999999 60 12 69 999999 64 44 41 999999 40 999999 93 54 999999 999999 19 57 3 999999 999999 999999 999999 999999 999999 74 98 58 66 999999 999999 999999 43 999999 4 1 999999 999999 24 92 13 999999 3 999999 13 999999 6 999999 999999 999999 74 999999 67 23 8 999999 81 75 999999 999999 999999 999999 87 999999 999999 86 999999 20 91 75 999999 999999 94 23 54 999999 999999 999999 999999 75 999999 25 94 59 94 999999 75 999999 58 999999 999999 999999 68 58 999999 999999 9 999999 999999 51 37 57 999999 999999 999999 47 999999 999999 85 94 999999 999999 36 999999 14 999999 56 999999 999999 49 999999 21 44 46 40 26 999999 999999 79 999999 999999 999999 999999 999999 999999 49 999999 999999 999999 75 999999 999999 999999 999999 999999 999999 999999 999999 999999 999999 999999 56 66 74 999999 33
82 999999 53 999999 34 11 999999 999999 999999 999999 999999 999999 83 16 999999 999999 58 999999 999999 69 0 63 16 50 91 13 999999 999999 24 999999 1 34 85 999999 999999 999999 26 999999 999999 97 999999 999999 32 999999 56 65 999999 81 999999 999999 999999 999999 75 51 82 999999 94 8 999999 999999 999999 999999 10 999999 4 999999 999999 21 999999 999999 78 50 8 999999 999999 999999 87 999999 81 58 999999 999999 999999 999999 69 999999 36 58 51 999999 76 34 62 999999 999999 999999 69 999999 999999 13 33 61 87 49 999999 51 94 999999 999999 999999 999999 1 74 999999 999999 56 30 999999 16 999999 999999 999999 999999 94 999999 85 999999 53 93 999999 999999 999999 92 54 999999 999999 50 999999 26 44 53 999999 41 999999 999999 999999 999999 31 67 81 999999 27 999999 44 100 8 999999 80 999999 12 999999 999999 999999 999999 50 999999 999999 999999 999999 999999 999999 999999 5 999999 88 96 49 24 23 3 75 74 999999 44 999999 999999 999999 999999 72 999999 22 999999 19 999999 28 87 999999 67 76 999999 92 76 999999 87 999999 999999 61 62 999999 44 999999 51 999999 64 86 90 85 64 999999 2 999999 999999 11 4 53 999999 999999 73 15 999999 999999 999999 45 999999 999999 999999 37 999999 999999 999999 999999 98 1 999999 999999 999999 57 999999 25 93 999999 999999 999999 999999 999999 75 67 999999 999999 2 999999 86 999999 999999 999999 999999 59 999999 999999 32 58 76 999999 61 62 999999 999999 999999 999999 999999 28 999999 999999 999999 54 56 999999 55 999999 99 999999 43 68 999999 999999 999999 999999 30 80 57
38 72 65 999999 43 67 2 85 17 999999 999999 999999 38 14 999999 88 999999 80 999999 51 63 0 999999 86 999999 53 52 999999 36 62 999999 16 52 999999 999999 999999 93 78 64 3 999999 999999 2 999999 92 74 999999 62 42 20 999999 13 999999 999999 999999 46 65 10 999999 75 999999 999999 999999 48 37 21 999999 31 13 51 89 37 999999 999999 91 999999 999999 999999 999999 83 77 999999 999999 13 83 51 30 999999 99 999999 999999 17 64 8 1 999999 77 999999 17 999999 55 999999 51 999999 5 27 62 54 85 22 35 999999 999999 70 17 15 86 46 999999 70 45 8 87 999999 999999 48 999999 99 12 100 999999 68 999999 999999 999999 999999 87 86 999999 999999 999999 999999 12 999999 999999 999999 999999 999999 80 999999 999999 999999 93 100 9 999999 22 999999 43 90 999999 999999 85 8 999999 999999 78 60 75 88 999999 999999 76 59 85 78 999999 999999 7 47 24 71 40 999999 999999 999999 999999 67 90 4 999999 79 999999 39 999999 999999 84 13 999999 16 22 83 45 999999 74 8 999999 999999 999999 999999 35 999999 76 55 999999 92 46 999999 45 13 999999 53 32 999999 64 61 999999 13 74 58 26 999999 54 999999 999999 65 6 999999 67 999999 89 999999 89 79 999999 38 999999 49 999999 999999 999999 44 8 53 53 26 49 999999 999999 999999 13 999999 999999 74 45 63 999999 19 999999 999999 47 67 999999 999999 999999 70 999999 27 49 49 999999 41 36 95 999999 42 58 999999 50 78 999999 999999 14 999999 999999 999999 999999 999999 75 73
94 999999 1 999999 999999 58 999999 999999 999999 25 999999 77 999999 100 48 18 999999 999999 999999 69 16 999999 0 83 999999 73 999999 71 61 999999 31 18 999999 999999 61 17 999999 51 999999 25 999999 28 999999 999999 2 999999 19 999999 4 999999 999999 999999 999999 16 999999 38 32 999999 87 999999 93 999999 81 9 71 999999 999999 99 60 999999 50 83 999999 999999 40 999999 999999 999999 999999 64 41 999999 999999 999999 999999 999999 80 999999 71 999999 8 999999 50 999999 61 999999 999999 999999 999999 94 81 83 37 999999 999999 86 999999 999999 76 41 1 999999 999999 999999 27 999999 69 999999 999999 999999 67 999999 4 75 999999 999999 90 5 76 100 999999 999999 999999 65 87 999999 17 82 999999 24 80 9 62 37 99 999999 60 999999 14 999999 999999 999999 44 35 999999 999999 91 45 67 90 999999 82 999999 999999 999999 999999 1 999999 75 90 52 96 22 44 12 999999 86 999999 999999 36 30 74 999999 999999 13 22 26 27 999999 38 76 999999 999999 999999 37 1 39 33 999999 27 9 64 999999 999999 999999 999999 999999 999999 999999 999999 999999 90 39 999999 999999 28 74 999999 73 20 99 999999 12 54 50 29 999999 16 999999 3 46 34 9 83 999999 999999 85 999999 999999 999999 999999 74 999999 1 52 14 58 999999 49 999999 87 999999 999999 999999 78 999999 92 49 999999 55 39 999999 999999 89 999999 78 999999 999999 999999 999999 59 24 999999 36 63 999999 999999 999999 86 8 999999 999999 999999 999999 64 4 5 999999 31 999999 78 999999 47 999999 999999 999999 79 999999 89 999999
88 11 78 28 79 79 999999 93 999999 67 999999 57 999999 999999 58 999999 999999 90 79 16 50 86 83 0 22 999999 60 999999 999999 999999 63 999999 999999 49 999999 999999 999999 22 999999 72 999999 999999 999999 999999 999999 15 999999 999999 999999 999999 73 63 999999 74 11 999999 33 999999 999999 999999 999999 999999 17 60 999999 5 74 44 74 999999 999999 999999 1 37 999999 25 999999 999999 74 60 3 79 93 999999 63 43 999999 44 76 68 999999 999999 18 999999 27 999999 87 64 999999 4 999999 26 999999 15 94 999999 94 6 57 49 41 65 999999 70 81 999999 999999 999999 999999 999999 999999 999999 33 999999 999999 999999 17 999999 7 59 999999 999999 23 999999 999999 69 999999 93 94 16 999999 999999 23 999999 77 35 23 999999 29 999999 30 85 999999 999999 999999 999999 999999 37 999999 61 7 999999 19 71 999999 999999 999999 40 999999 76 999999 49 100 40 2 27 999999 84 999999 34 91 22 85 999999 999999 999999 999999 999999 40 11 999999 6 999999 36 47 999999 999999 70 999999 999999 999999 68 19 999999 4 33 93 28 999999 77 88 68 999999 49 33 999999 999999 999999 97 48 52 84 82 21 62 999999 999999 51 999999 999999 999999 31 55 999999 60 999999 999999 999999 55 32 17 2 84 93 58 47 20 999999 63 21 52 999999 12 999999 59 999999 55 999999 27 999999 23 999999 5 999999 999999 34 999999 30 40 37 999999 999999 999999 39 100 53 46 999999 32 999999 999999 10 999999 19 27 18 999999 8 76 100 999999 999999 999999 17 999999 999999 15 56 48 999999
999999 999999 999999 999999 999999 999999 50 999999 36 77 999999 999999 4 999999 999999 63 999999 999999 999999 66 91 999999 999999 22 0 999999 999999 5 80 61 999999 13 99 999999 999999 57 999999 999999 95 999999 999999 13 999999 999999 999999 26 999999 3 999999 999999 999999 66 999999 47 999999 999999 80 999999 57 999999 48 999999 13 87 95 999999 52 999999 71 999999 999999 87 999999 999999 17 999999 13 56 74 24 30 44 999999 999999 53 10 999999 999999 999999 999999 28 47 31 22 999999 999999 66 999999 46 48 999999 999999 999999 999999 999999 999999 43 999999 12 999999 999999 999999 79 999999 999999 999999 999999 999999 81 999999 20 10 999999 999999 68 3 61 999999 55 999999 999999 5 4 9 1 25 28 70 35 999999 999999 999999 93 31 999999 29 999999 999999 89 999999 65 999999 63 999999 67 21 7 41 999999 76 999999 999999 999999 999999 66 999999 999999 27 58 999999 93 18 999999 999999 6 999999 93 999999 9 96 999999 49 71 76 97 77 999999 49 999999 999999 26 92 29 999999 999999 999999 39 10 999999 999999 999999 999999 40 39 999999 73 21 71 25 999999 88 999999 36 19 999999 999999 100 999999 999999 59 999999 999999 999999 73 70 24 999999 999999 39 68 21 7 999999 61 999999 21 58 999999 83 999999 4 83 82 999999 24 99 5 999999 48 999999 999999 999999 57 999999 999999 999999 43 999999 999999 999999 85 47 999999 999999 79 7 999999 999999 999999 1 95 39 10 39 23 999999 55 56 999999 999999 999999 93 999999 999999 64 999999 100 51 38 72 21 999999 999999 69 999999 42 999999 87 999999 1
65 86 79 999999 46 63 77 999999 76 999999 999999 57 79 999999 999999 58 999999 999999 50 999999 13 53 73 999999 999999 0 85 999999 999999 999999 999999 89 999999 20 99 999999 999999 15 999999 999999 5 999999 999999 999999 999999 999999 62 999999 999999 97 88 15 999999 999999 999999 25 63 999999 10 999999 999999 999999 64 2 999999 999999 27 999999 999999 999999 52 999999 999999 999999 999999 999999 999999 11 92 999999 55 999999 28 999999 999999 97 11 999999 999999 23 999999 34 999999 2 28 999999 32 9 999999 999999 90 999999 99 56 93 33 22 78 82 73 87 999999 96 999999 75 43 999999 56 84 36 32 75 99 65 999999 82 96 1 69 999999 999999 57 78 999999 91 44 999999 45 49 999999 999999 999999 999999 41 999999 999999 999999 999999 56 40 17 16 999999 88 999999 7 999999 37 999999 54 999999 999999 999999 3 999999 2 999999 86 999999 999999 81 999999 47 46 57 70 999999 999999 85 30 43 19 999999 999999 999999 52 92 999999 999999 18 999999 49 999999 999999 62 999999 50 92 51 999999 999999 33 93 52 62 28 999999 89 70 16 999999 999999 2 54 44 999999 999999 44 23 999999 17 19 999999 60 57 999999 85 999999 999999 999999 34 57 999999 32 73 70 999999 999999 999999 999999 68 999999 63 59 77 69 72 96 40 999999 52 65 999999 999999 97 999999 999999 68 65 999999 999999 14 94 999999 999999 999999 97 999999 8 999999 999999 89 1 999999 999999 58 32 93 999999 70 6 69 87 999999 999999 999999 999999 93 64 23 999999 66 999999 999999 999999 999999 76 999999 999999 999999
